     0/299     3.09G   0.07112     2.573         0     2.644        36      1280         0         0         0         0   0.08559    0.3715         0
     1/299     17.6G   0.06936    0.1113         0    0.1806        35      1280         0         0         0         0   0.08559    0.1762         0
     2/299     17.6G   0.06862   0.04269         0    0.1113        15      1280         0         0         0         0   0.08558    0.1692         0
     3/299     17.6G   0.07028   0.03444         0    0.1047        54      1280         0         0         0         0   0.08557    0.1719         0
     4/299     17.6G   0.06572   0.03108         0    0.0968        43      1280   0.01086   0.03064 0.0008731 0.0001532   0.08548    0.1689         0
     5/299     17.6G   0.06769   0.02958         0   0.09727        18      1280  0.006612   0.02321 0.0003907 8.704e-05   0.08546    0.1724         0
     6/299     17.6G   0.06599   0.02996         0   0.09596        47      1280  0.003417   0.05107 0.0002005 3.303e-05    0.0855    0.1706         0
     7/299     17.6G   0.06236   0.02793         0   0.09029        39      1280  0.006456    0.1114  0.001035 0.0001659   0.08465    0.1681         0
     8/299     17.6G   0.06577   0.02819         0   0.09397        33      1280   0.01454   0.03389  0.001782 0.0003029   0.08433    0.1705         0
     9/299     17.6G   0.06878   0.03061         0   0.09939        37      1280   0.01951   0.05107  0.003344 0.0006126    0.0827    0.1695         0
    10/299     17.6G   0.07065   0.02892         0   0.09958        26      1280  0.008749   0.05292  0.001252 0.0002123   0.08178    0.1721         0
    11/299     17.6G   0.07109   0.02948         0    0.1006        29      1280   0.02338   0.02925  0.003294  0.001065   0.08264    0.1725         0
    12/299     17.6G   0.07143   0.03033         0    0.1018        53      1280   0.01729   0.03668  0.002903 0.0005018   0.08154    0.1639         0
    13/299     17.6G   0.06972   0.02875         0   0.09847        35      1280   0.02145    0.1123  0.007235  0.001083   0.08149    0.1518         0
    14/299     17.6G   0.06681   0.02892         0   0.09573        27      1280    0.1022    0.0961   0.02485  0.004625   0.08142    0.1415         0
    15/299     17.6G   0.06037   0.02654         0   0.08691        40      1280   0.01109    0.2066  0.004229 0.0007541   0.08181    0.1527         0
    16/299     17.6G    0.0596   0.02775         0   0.08735        40      1280    0.2018    0.1402   0.09176   0.02323    0.0807    0.1357         0
    17/299     17.6G   0.05663   0.02502         0   0.08164        35      1280    0.1353    0.1351   0.04673   0.00872   0.08055    0.1454         0
    18/299     17.6G   0.05702   0.02681         0   0.08383        43      1280    0.1491    0.2409   0.07649   0.01657   0.07691    0.1864         0
    19/299     17.6G   0.05735   0.02447         0   0.08182        10      1280    0.1589    0.3217    0.1186   0.02418   0.07546    0.1477         0
    20/299     17.6G   0.05223   0.02357         0   0.07579        33      1280    0.3367    0.3287    0.2414   0.05752   0.07315    0.1247         0
    21/299     17.6G   0.04913   0.02117         0   0.07029        36      1280    0.4016    0.3686    0.3156   0.07365   0.07268    0.1243         0
    22/299     17.6G   0.04748   0.01937         0   0.06685        39      1280    0.4219    0.4144    0.3321   0.07209   0.07157    0.1285         0
    23/299     17.6G   0.04678    0.0213         0   0.06808        37      1280    0.2977    0.4652    0.2844   0.05993   0.07136    0.1484         0
    24/299     17.6G   0.04405   0.02017         0   0.06423        59      1280    0.3949    0.5125    0.3492   0.07987   0.06911    0.1186         0
    25/299     17.6G   0.04396   0.01884         0    0.0628        25      1280    0.4157    0.5356    0.3741   0.08121   0.06736    0.1234         0
    26/299     17.6G    0.0447   0.01834         0   0.06304        29      1280    0.5843    0.5395    0.5272    0.1263   0.06565    0.1507         0
    27/299     17.6G     0.042   0.02011         0    0.0621        31      1280    0.4956    0.6151    0.4527    0.1078    0.0649    0.1221         0
    28/299     17.6G   0.04188   0.01788         0   0.05976        23      1280    0.6027    0.6198    0.5765    0.1484   0.06467    0.1254         0
    29/299     17.6G   0.03834   0.01707         0   0.05541        44      1280    0.7268    0.6016    0.6483    0.1773   0.06376    0.1329         0
    30/299     17.6G   0.03853   0.01679         0   0.05532        61      1280    0.7417    0.6972    0.7094    0.2028   0.06139    0.1293         0
    31/299     17.6G   0.03938   0.01667         0   0.05605        39      1280    0.7325    0.6611    0.6765    0.1853   0.06191    0.1438         0
    32/299     17.6G   0.03887   0.01757         0   0.05643        35      1280    0.7809    0.7038    0.7272    0.2069   0.06026    0.1243         0
    33/299     17.6G   0.03571   0.01627         0   0.05198        17      1280    0.7454    0.6843    0.7005    0.2088   0.06156    0.1301         0
    34/299     17.6G   0.03735   0.01895         0    0.0563        32      1280    0.6685    0.6634    0.6369    0.1827   0.06123    0.1567         0
    35/299     17.6G   0.03671   0.01885         0   0.05556        26      1280     0.599    0.7052    0.6346    0.1593   0.05928    0.1346         0
    36/299     17.6G   0.03526   0.01659         0   0.05185        33      1280    0.7554    0.7112    0.7428    0.2286   0.05802    0.1258         0
    37/299     17.6G   0.03497   0.01706         0   0.05203        13      1280    0.8208     0.753    0.7876    0.2407   0.05592    0.1312         0
    38/299     17.6G   0.03477   0.01546         0   0.05023        52      1280    0.8236    0.7595    0.7813    0.2483   0.05748    0.1269         0
    39/299     17.6G   0.03519   0.01523         0   0.05042        21      1280    0.8231    0.7757    0.7943    0.2503   0.05485    0.1363         0
    40/299     17.6G   0.03566   0.01709         0   0.05274        33      1280    0.8023    0.7632    0.7737    0.2201   0.05534    0.1369         0
    41/299     17.6G   0.03595   0.01574         0   0.05168        35      1280    0.8153     0.779    0.7969    0.2514   0.05597    0.1383         0
    42/299     17.6G   0.03513   0.01547         0    0.0506        59      1280    0.8433    0.7845    0.8096    0.2543   0.05564    0.1445         0
    43/299     17.6G   0.03258   0.01655         0   0.04913        32      1280    0.8473    0.7953    0.8207    0.2696   0.05506     0.143         0
    44/299     17.6G    0.0327    0.0151         0    0.0478        24      1280    0.8534    0.8078    0.8186    0.2769   0.05387    0.1354         0
    45/299     17.6G   0.03278   0.01515         0   0.04792        17      1280    0.8459    0.7869    0.8105    0.2498   0.05447    0.1412         0
    46/299     17.6G   0.03263   0.01432         0   0.04695        22      1280    0.8701    0.8272    0.8444    0.2764   0.05326    0.1459         0
    47/299     17.6G   0.03354    0.0146         0   0.04813        26      1280    0.8056    0.7707    0.7693    0.2111   0.05486    0.1441         0
    48/299     17.6G    0.0347   0.01593         0   0.05063        33      1280    0.8563    0.8185    0.8323    0.2874    0.0551    0.1296         0
    49/299     17.6G   0.03255    0.0148         0   0.04735        51      1280    0.8638    0.8134    0.8391    0.2812   0.05426    0.1345         0
    50/299     17.6G   0.03252   0.01511         0   0.04763        20      1280    0.8649    0.8291    0.8508    0.2959   0.05409    0.1376         0
    51/299     17.6G   0.03253   0.01469         0   0.04722        39      1280    0.8678    0.8329    0.8539    0.3049   0.05333    0.1405         0
    52/299     17.6G   0.03214   0.01432         0   0.04646        32      1280    0.8917    0.8411     0.865    0.2868   0.05281    0.1459         0
    53/299     17.6G   0.03313   0.01483         0   0.04795        23      1280    0.8847    0.8412    0.8648    0.2954   0.05257    0.1532         0
    54/299     17.6G   0.03229   0.01488         0   0.04717        35      1280    0.8819    0.8315    0.8443    0.2991   0.05412    0.1464         0
    55/299     17.6G   0.03161   0.01414         0   0.04576        47      1280     0.845    0.8426     0.833    0.2728   0.05222    0.1531         0
    56/299     17.6G   0.03201   0.01582         0   0.04783        38      1280    0.8408    0.8536    0.8562    0.3069   0.05251     0.169         0
    57/299     17.6G   0.03265   0.01574         0   0.04839        17      1280    0.8583    0.8463    0.8703    0.3075   0.05169     0.149         0
    58/299     17.6G   0.03186   0.01504         0   0.04691        25      1280    0.8772    0.8556    0.8728    0.3004   0.05286    0.1476         0
    59/299     17.6G   0.03169   0.01461         0    0.0463        38      1280    0.8942    0.8691    0.8764    0.3321   0.05134     0.149         0
    60/299     17.6G   0.03124   0.01485         0   0.04608        23      1280    0.8832    0.8538    0.8673    0.3001   0.05228    0.1513         0
    61/299     17.6G   0.03042    0.0142         0   0.04462        23      1280     0.895    0.8802    0.8946     0.338   0.05123    0.1518         0
    62/299     17.6G   0.03134   0.01456         0   0.04589        43      1280    0.8944     0.877    0.8875    0.3121   0.05164    0.1534         0
    63/299     17.6G   0.03143   0.01411         0   0.04554        43      1280    0.8829    0.8765    0.8927     0.316   0.05074    0.1584         0
    64/299     17.6G   0.03195   0.01393         0   0.04588        20      1280    0.8881    0.8654    0.8866    0.3116   0.05082    0.1585         0
    65/299     17.6G   0.03181   0.01407         0   0.04588        22      1280    0.8889    0.8519    0.8661    0.3236   0.05096    0.1584         0
    66/299     17.6G   0.03065   0.01431         0   0.04496        41      1280    0.8934    0.8793    0.8817    0.3205   0.05077    0.1552         0
    67/299     17.6G   0.03122   0.01428         0    0.0455        19      1280    0.8816    0.8301    0.8537    0.3183   0.05265    0.1546         0
    68/299     17.6G   0.03071   0.01409         0    0.0448        30      1280    0.8933    0.8635    0.8886    0.3391   0.05067     0.161         0
    69/299     17.6G   0.03055   0.01381         0   0.04436        38      1280    0.8698    0.8561    0.8628    0.3215   0.05113    0.1593         0
    70/299     17.6G   0.03038    0.0139         0   0.04427        24      1280     0.891    0.8695    0.8851    0.3176   0.05039    0.1564         0
    71/299     17.6G   0.03031   0.01346         0   0.04377        29      1280    0.8933    0.8937    0.9029    0.3398   0.04977    0.1562         0
    72/299     17.6G   0.03109   0.01396         0   0.04505        38      1280    0.8929    0.8909    0.8974    0.3404   0.04974    0.1593         0
    73/299     17.6G   0.03077   0.01386         0   0.04463        28      1280    0.9007    0.8983    0.9099    0.3552   0.04996    0.1562         0
    74/299     17.6G   0.03005   0.01351         0   0.04356        31      1280    0.8953    0.8931    0.9037    0.3479   0.05023    0.1589         0
    75/299     17.6G   0.02939   0.01387         0   0.04326        25      1280    0.9074    0.8872    0.9033    0.3459    0.0503    0.1603         0
    76/299     17.6G   0.03017   0.01409         0   0.04426        19      1280    0.8961    0.8895    0.8963    0.3452   0.04934    0.1601         0
    77/299     17.6G   0.02958   0.01355         0   0.04313        32      1280    0.9062    0.8895    0.9044    0.3557   0.04874    0.1626         0
    78/299     17.6G   0.03088   0.01425         0   0.04512        31      1280     0.863    0.8741    0.8656    0.3119   0.05139    0.1597         0
    79/299     17.6G   0.03011   0.01327         0   0.04339        13      1280    0.8838     0.876    0.8777    0.3356   0.05041    0.1605         0
    80/299     17.6G   0.03021   0.01376         0   0.04398        38      1280    0.9072    0.8988    0.9119    0.3582   0.04904    0.1665         0
    81/299     17.6G   0.03077   0.01356         0   0.04432        19      1280    0.8897    0.8952    0.8991     0.353   0.05067    0.1703         0
    82/299     17.6G    0.0297   0.01362         0   0.04332        34      1280    0.8923     0.902    0.8951     0.337   0.04973    0.1625         0
    83/299     17.6G   0.02961   0.01334         0   0.04295        32      1280    0.8919    0.8946    0.8957    0.3435   0.04991    0.1675         0
    84/299     17.6G   0.02908   0.01387         0   0.04295        43      1280     0.903     0.896    0.9004    0.3519   0.04937    0.1657         0
    85/299     17.6G   0.02965   0.01479         0   0.04444        37      1280    0.8934    0.9039    0.9026    0.3494   0.05031    0.1621         0
    86/299     17.6G   0.02879   0.01356         0   0.04235        59      1280    0.8984    0.8863    0.8905    0.3446   0.05093    0.1588         0
    87/299     17.6G   0.02909   0.01389         0   0.04298        25      1280     0.911    0.8885     0.901    0.3538   0.05027    0.1629         0
    88/299     17.6G   0.02921   0.01314         0   0.04235        38      1280    0.8947    0.9029     0.903    0.3611   0.05018    0.1603         0
    89/299     17.6G    0.0297   0.01304         0   0.04274        29      1280    0.9171     0.914    0.9231    0.3694   0.04889    0.1608         0
    90/299     17.6G   0.02888   0.01374         0   0.04261        31      1280    0.9107    0.9047    0.9165    0.3622   0.04907    0.1644         0
    91/299     17.6G   0.02931   0.01353         0   0.04285        26      1280    0.9042    0.8988    0.9005    0.3636   0.04934     0.167         0
    92/299     17.6G   0.02948   0.01287         0   0.04236        24      1280    0.9207    0.9011    0.9195     0.377   0.04866    0.1704         0
    93/299     17.6G   0.02898   0.01384         0   0.04282        32      1280    0.9044    0.9052    0.9014    0.3577   0.04984    0.1669         0
    94/299     17.6G   0.02864   0.01365         0   0.04229        35      1280    0.9212    0.9011    0.9196    0.3747   0.04885    0.1696         0
    95/299     17.6G   0.02923    0.0139         0   0.04314        36      1280    0.9216    0.9127    0.9338    0.3651   0.04894    0.1754         0
    96/299     17.6G   0.03012   0.01325         0   0.04338        13      1280    0.9064    0.9078    0.9083    0.3777   0.04923    0.1647         0
    97/299     17.6G   0.03016   0.01253         0   0.04268        27      1280    0.9213    0.9124    0.9169    0.3787   0.04857    0.1674         0
    98/299     17.6G   0.02889   0.01319         0   0.04207        39      1280     0.913     0.916    0.9159    0.3733   0.04768    0.1698         0
    99/299     17.6G   0.02915   0.01327         0   0.04243        40      1280    0.9006    0.9004    0.9117    0.3552   0.04845    0.1738         0
   100/299     17.6G   0.02888   0.01332         0    0.0422        30      1280    0.9126    0.9248    0.9272    0.3746   0.04794    0.1695         0
   101/299     17.6G   0.02935   0.01318         0   0.04253        21      1280    0.9169    0.9239    0.9215     0.378   0.04828    0.1677         0
   102/299     17.6G   0.02959   0.01285         0   0.04244        30      1280    0.9122     0.912    0.9168    0.3896   0.04805    0.1724         0
   103/299     17.6G    0.0292   0.01366         0   0.04286        36      1280    0.9167    0.9039    0.9124    0.3745   0.04901    0.1677         0
   104/299     17.6G   0.02843    0.0132         0   0.04163        16      1280    0.9081    0.9234    0.9215    0.3752   0.04862    0.1726         0
   105/299     17.6G   0.02963   0.01366         0   0.04329        32      1280     0.926    0.9076    0.9246    0.3886   0.04805    0.1726         0
   106/299     17.6G   0.02931   0.01341         0   0.04273        31      1280    0.9227    0.9146    0.9261    0.3743   0.04824    0.1749         0
   107/299     17.6G   0.02845   0.01263         0   0.04109        39      1280     0.922     0.928    0.9237    0.3952   0.04761    0.1707         0
   108/299     17.6G   0.02797   0.01306         0   0.04103        18      1280    0.9105    0.9067    0.9073    0.3698   0.04888    0.1702         0
   109/299     17.6G   0.02851   0.01301         0   0.04152         9      1280    0.9175    0.9318    0.9328     0.395   0.04715    0.1746         0
   110/299     17.6G    0.0287   0.01378         0   0.04249        43      1280    0.9266    0.9257    0.9309    0.4049   0.04774    0.1716         0
   111/299     17.6G   0.02892   0.01321         0   0.04213        28      1280    0.9157    0.9257    0.9181    0.3887   0.04768    0.1735         0
   112/299     17.6G   0.02874   0.01269         0   0.04144        44      1280    0.9259    0.9136    0.9265    0.3811   0.04734    0.1792         0
   113/299     17.6G   0.02762   0.01366         0   0.04128        29      1280    0.9272    0.9229    0.9311    0.4052   0.04691    0.1767         0
   114/299     17.6G   0.02804   0.01273         0   0.04077        31      1280    0.9144    0.9248    0.9218    0.3828   0.04767    0.1783         0
   115/299     17.6G   0.02806   0.01272         0   0.04078        27      1280    0.9238    0.9308    0.9391     0.408   0.04683    0.1771         0
   116/299     17.6G   0.02862    0.0129         0   0.04152        28      1280    0.9274    0.9308    0.9389    0.3957   0.04701    0.1807         0
   117/299     17.6G   0.02849   0.01288         0   0.04137        40      1280    0.9249    0.9322    0.9345     0.404    0.0473    0.1782         0
   118/299     17.6G   0.02732   0.01298         0    0.0403        41      1280    0.9313    0.9276    0.9357     0.421   0.04666     0.174         0
   119/299     17.6G   0.02777   0.01286         0   0.04063        57      1280     0.927    0.9367    0.9346    0.4132   0.04672    0.1729         0
   120/299     17.6G   0.02796   0.01325         0    0.0412        12      1280    0.9297    0.9331    0.9369    0.4142   0.04691    0.1738         0
   121/299     17.6G   0.02755   0.01341         0   0.04096        56      1280    0.9272    0.9339    0.9382    0.4047   0.04695      0.18         0
   122/299     17.6G   0.02804   0.01233         0   0.04037        43      1280    0.9369    0.9248    0.9395    0.4097   0.04701    0.1802         0
   123/299     17.6G    0.0278   0.01324         0   0.04104        37      1280    0.9297    0.9275    0.9305    0.4163   0.04681    0.1819         0
   124/299     17.6G   0.02715   0.01289         0   0.04004        32      1280    0.9238    0.9257     0.925    0.4023   0.04692    0.1819         0
   125/299     17.6G   0.02794    0.0124         0   0.04035        57      1280    0.9232    0.9341    0.9401    0.4247   0.04648     0.179         0
   126/299     17.6G   0.02779   0.01302         0   0.04082        28      1280    0.9368    0.9188    0.9361     0.417   0.04598    0.1801         0
   127/299     17.6G   0.02806   0.01264         0   0.04069        22      1280    0.9322    0.9331    0.9418    0.3995   0.04686    0.1841         0
   128/299     17.6G   0.02829    0.0132         0   0.04149        42      1280    0.9278    0.9378    0.9403    0.4038   0.04715    0.1813         0
   129/299     17.6G   0.02801   0.01243         0   0.04044        33      1280    0.9296    0.9321    0.9296    0.4205   0.04649    0.1791         0
   130/299     17.6G   0.02705   0.01282         0   0.03987        29      1280    0.9307    0.9318    0.9346    0.4176   0.04648    0.1779         0
   131/299     17.6G   0.02651   0.01338         0   0.03988        25      1280    0.9373    0.9362    0.9389    0.4273   0.04612    0.1796         0
   132/299     17.6G   0.02695   0.01294         0   0.03989        61      1280    0.9321    0.9359    0.9387    0.4286    0.0461    0.1813         0
   133/299     17.6G   0.02746   0.01251         0   0.03997        35      1280    0.9329    0.9429     0.943    0.4351   0.04596    0.1827         0
   134/299     17.6G   0.02747   0.01237         0   0.03984        36      1280    0.9342    0.9367    0.9386    0.4306   0.04596    0.1794         0
   135/299     17.6G   0.02722   0.01325         0   0.04047        18      1280    0.9359     0.928    0.9405     0.416   0.04572     0.182         0
   136/299     17.6G   0.02718    0.0125         0   0.03967        20      1280    0.9347    0.9364    0.9401    0.4301    0.0442    0.1826         0
   137/299     17.6G   0.02665   0.01318         0   0.03983        30      1280    0.9424    0.9276     0.942    0.4198   0.04499    0.1851         0
   138/299     17.6G   0.02674   0.01316         0   0.03989        32      1280      0.94    0.9262    0.9406    0.4294    0.0454    0.1827         0
   139/299     17.6G    0.0259   0.01241         0   0.03831        31      1280    0.9262    0.9377    0.9399    0.4373   0.04553    0.1758         0
   140/299     17.6G   0.02587   0.01207         0   0.03794        22      1280    0.9401    0.9266    0.9493    0.4344   0.04539    0.1854         0
   141/299     17.6G   0.02666   0.01273         0   0.03939        43      1280    0.9389    0.9347    0.9497    0.4416   0.04461    0.1832         0
   142/299     17.6G   0.02633   0.01253         0   0.03886        46      1280    0.9321    0.9383    0.9381    0.4268   0.04546    0.1836         0
   143/299     17.6G   0.02645   0.01245         0    0.0389        35      1280    0.9467    0.9406    0.9496     0.441   0.04469    0.1841         0
   144/299     17.6G   0.02692   0.01236         0   0.03928        37      1280    0.9388      0.94    0.9469    0.4435   0.04464    0.1855         0
   145/299     17.6G   0.02567   0.01231         0   0.03799        26      1280    0.9414    0.9479    0.9565    0.4473    0.0443    0.1852         0
   146/299     17.6G   0.02605   0.01299         0   0.03904        23      1280    0.9406    0.9415    0.9493     0.446    0.0443    0.1867         0
   147/299     17.6G   0.02567   0.01282         0   0.03849        30      1280    0.9351    0.9424    0.9471    0.4511   0.04449    0.1827         0
   148/299     17.6G   0.02492   0.01229         0   0.03721        29      1280    0.9402    0.9443    0.9529    0.4429   0.04428     0.183         0
   149/299     17.6G   0.02573   0.01276         0   0.03849        38      1280    0.9391    0.9564     0.956    0.4436   0.04438    0.1847         0
   150/299     17.6G   0.02568   0.01234         0   0.03802        24      1280    0.9297    0.9456     0.941    0.4363   0.04497     0.182         0
   151/299     17.6G   0.02774   0.01239         0   0.04013        26      1280    0.9401     0.935    0.9452    0.4388   0.04503    0.1824         0
   152/299     17.6G   0.02657   0.01153         0    0.0381        17      1280    0.9377    0.9517    0.9549    0.4598   0.04416    0.1834         0
   153/299     17.6G   0.02593   0.01217         0   0.03809        40      1280    0.9464    0.9424    0.9508    0.4599   0.04414    0.1843         0
   154/299     17.6G   0.02626   0.01222         0   0.03848        14      1280    0.9473    0.9526    0.9585    0.4571   0.04361    0.1846         0
   155/299     17.6G   0.02614   0.01187         0   0.03802        38      1280     0.941    0.9494    0.9526    0.4535   0.04385     0.188         0
   156/299     17.6G   0.02563    0.0122         0   0.03783        24      1280    0.9405     0.948    0.9549    0.4526   0.04415    0.1875         0
   157/299     17.6G   0.02529   0.01198         0   0.03727        27      1280    0.9488    0.9401    0.9551     0.458   0.04387    0.1848         0
   158/299     17.6G   0.02552   0.01223         0   0.03775        27      1280    0.9374    0.9451     0.949    0.4467   0.04415    0.1869         0
   159/299     17.6G   0.02687   0.01245         0   0.03931        24      1280    0.9378    0.9471    0.9515     0.456   0.04413    0.1875         0
   160/299     17.6G   0.02627   0.01294         0   0.03921        49      1280    0.9402    0.9424    0.9501    0.4537   0.04412    0.1859         0
   161/299     17.6G   0.02569   0.01259         0   0.03828        15      1280    0.9389    0.9414    0.9442    0.4498   0.04411    0.1847         0
   162/299     17.6G   0.02583   0.01212         0   0.03795        27      1280    0.9416    0.9498    0.9564    0.4616   0.04397    0.1862         0
   163/299     17.6G   0.02544   0.01182         0   0.03727        17      1280    0.9462    0.9557    0.9609    0.4628   0.04376    0.1884         0
   164/299     17.6G   0.02571   0.01228         0   0.03798        40      1280    0.9392     0.955    0.9554    0.4604   0.04379    0.1884         0
   165/299     17.6G   0.02465   0.01191         0   0.03656        35      1280     0.947     0.955     0.961    0.4659   0.04362    0.1861         0
   166/299     17.6G   0.02441   0.01219         0   0.03659        18      1280    0.9539    0.9508    0.9639    0.4664   0.04367    0.1884         0
   167/299     17.6G   0.02587   0.01264         0   0.03851        33      1280    0.9394    0.9568    0.9632    0.4627    0.0437    0.1902         0
   168/299     17.6G   0.02673   0.01239         0   0.03912        34      1280    0.9399    0.9531    0.9583    0.4694   0.04371     0.188         0
   169/299     17.6G   0.02482   0.01251         0   0.03733        31      1280    0.9526    0.9508    0.9595    0.4778   0.04336     0.187         0
   170/299     17.6G   0.02484   0.01261         0   0.03745        36      1280     0.954    0.9445    0.9597    0.4657   0.04358    0.1888         0
   171/299     17.6G    0.0252   0.01264         0   0.03784        34      1280    0.9502    0.9559    0.9634    0.4697   0.04338    0.1868         0
   172/299     17.6G   0.02609   0.01222         0   0.03831        39      1280    0.9498     0.958    0.9658    0.4768   0.04342    0.1894         0
   173/299     17.6G   0.02456   0.01185         0   0.03641        36      1280    0.9593    0.9578    0.9685    0.4738   0.04343    0.1888         0
   174/299     17.6G   0.02477   0.01283         0    0.0376        39      1280    0.9552    0.9615     0.971     0.478   0.04327    0.1881         0
   175/299     17.6G   0.02394   0.01286         0    0.0368        30      1280    0.9574    0.9605    0.9672    0.4789   0.04312    0.1891         0
   176/299     17.6G   0.02416   0.01184         0     0.036        42      1280    0.9526    0.9633    0.9705     0.464   0.04367    0.1919         0
   177/299     17.6G   0.02531   0.01283         0   0.03814        32      1280    0.9521    0.9633    0.9688    0.4796   0.04297    0.1901         0
   178/299     17.6G   0.02401   0.01191         0   0.03593        55      1280    0.9574    0.9605    0.9705    0.4832   0.04291    0.1883         0
   179/299     17.6G   0.02395   0.01226         0   0.03621        35      1280    0.9637    0.9605    0.9737    0.4882   0.04275    0.1897         0
   180/299     17.6G    0.0238   0.01228         0   0.03608        56      1280    0.9613    0.9601    0.9705    0.4935   0.04261    0.1895         0
   181/299     17.6G    0.0245   0.01169         0   0.03619        28      1280     0.956    0.9577    0.9613    0.4922   0.04272    0.1859         0
   182/299     17.6G   0.02426   0.01272         0   0.03698        56      1280    0.9623    0.9591    0.9693    0.4811   0.04278    0.1907         0
   183/299     17.6G   0.02295   0.01155         0    0.0345        18      1280    0.9614    0.9615     0.968    0.4861   0.04245    0.1894         0
   184/299     17.6G   0.02428   0.01294         0   0.03722        45      1280    0.9592    0.9615    0.9647    0.4849   0.04234     0.189         0
   185/299     17.6G   0.02364   0.01172         0   0.03535        10      1280    0.9604    0.9591    0.9685    0.4849   0.04231    0.1897         0
   186/299     17.6G   0.02445    0.0121         0   0.03655        20      1280    0.9628    0.9611    0.9693    0.4804    0.0424    0.1906         0
   187/299     17.6G   0.02356   0.01226         0   0.03582        36      1280    0.9638    0.9656      0.97     0.493   0.04206    0.1905         0
   188/299     17.6G    0.0236   0.01208         0   0.03568        35      1280    0.9535    0.9629    0.9604    0.4868   0.04254    0.1898         0
   189/299     17.6G   0.02365   0.01149         0   0.03514        20      1280    0.9625    0.9647    0.9685    0.5003   0.04237     0.189         0
   190/299     17.6G   0.02341   0.01177         0   0.03518        18      1280    0.9587    0.9698    0.9712    0.4886   0.04226    0.1909         0
   191/299     17.6G   0.02355   0.01127         0   0.03482        15      1280    0.9601    0.9721    0.9729    0.4975   0.04213     0.188         0
   192/299     17.6G   0.02347    0.0118         0   0.03526        24      1280    0.9557    0.9726    0.9716    0.5012   0.04181    0.1878         0
   193/299     17.6G   0.02272   0.01193         0   0.03465        37      1280    0.9604    0.9684    0.9734    0.5019   0.04192    0.1893         0
   194/299     17.6G   0.02237   0.01183         0   0.03419        35      1280    0.9615    0.9666    0.9711    0.4983   0.04196    0.1881         0
   195/299     17.6G   0.02353   0.01191         0   0.03544        43      1280    0.9626    0.9694    0.9729    0.5058   0.04177    0.1874         0
   196/299     17.6G   0.02322    0.0118         0   0.03503        18      1280    0.9637     0.967    0.9707    0.5148   0.04147    0.1862         0
   197/299     17.6G    0.0244   0.01187         0   0.03628        26      1280     0.964    0.9712    0.9759    0.5071   0.04179    0.1894         0
   198/299     17.6G   0.02301   0.01149         0    0.0345        44      1280    0.9657    0.9675    0.9743    0.5149   0.04151     0.189         0
   199/299     17.6G   0.02322   0.01208         0    0.0353        36      1280    0.9599    0.9674    0.9716    0.5161   0.04139    0.1889         0
   200/299     17.6G   0.02367   0.01199         0   0.03566        48      1280    0.9615    0.9754    0.9792     0.518    0.0413    0.1892         0
   201/299     17.6G   0.02308   0.01222         0    0.0353        51      1280      0.96    0.9712    0.9734    0.5167   0.04133    0.1891         0
   202/299     17.6G   0.02269   0.01239         0   0.03508        30      1280    0.9711     0.967    0.9783    0.5182   0.04136    0.1905         0
   203/299     17.6G   0.02338   0.01164         0   0.03502        24      1280    0.9683    0.9675    0.9734    0.5024   0.04175    0.1924         0
   204/299     17.6G   0.02395   0.01167         0   0.03562        31      1280     0.968    0.9688    0.9788    0.5265     0.041    0.1906         0
   205/299     17.6G   0.02331    0.0119         0   0.03521        33      1280    0.9626    0.9688    0.9712    0.5226   0.04087    0.1895         0
   206/299     17.6G   0.02302   0.01131         0   0.03433        20      1280    0.9615    0.9752    0.9776    0.5226   0.04091    0.1914         0
   207/299     17.6G   0.02309   0.01179         0   0.03489        42      1280    0.9593    0.9744    0.9733    0.5089   0.04131    0.1933         0
   208/299     17.6G   0.02323   0.01142         0   0.03465        20      1280    0.9651    0.9745    0.9813    0.5239   0.04102    0.1909         0
   209/299     17.6G   0.02361   0.01157         0   0.03517        12      1280    0.9707    0.9698    0.9819    0.5208   0.04101    0.1909         0
   210/299     17.6G     0.023   0.01192         0   0.03493        20      1280    0.9711    0.9689    0.9794     0.536   0.04076    0.1889         0
   211/299     17.6G   0.02259   0.01132         0   0.03391        19      1280    0.9664    0.9735    0.9808    0.5313   0.04067    0.1884         0
   212/299     17.6G   0.02238   0.01179         0   0.03417        72      1280    0.9602    0.9754    0.9794    0.5197   0.04115    0.1894         0
   213/299     17.6G   0.02243   0.01131         0   0.03374        23      1280    0.9672    0.9745    0.9806    0.5349   0.04086    0.1874         0
   214/299     17.6G   0.02295   0.01174         0   0.03469        53      1280    0.9617    0.9721    0.9739    0.5329   0.04107    0.1899         0
   215/299     17.6G    0.0222   0.01138         0   0.03359        34      1280    0.9658    0.9712    0.9744    0.5343   0.04093    0.1904         0
   216/299     17.6G   0.02243   0.01139         0   0.03382        34      1280    0.9661    0.9781    0.9808    0.5364   0.04073    0.1892         0
   217/299     17.6G   0.02295   0.01155         0    0.0345        21      1280    0.9691    0.9749    0.9815    0.5373   0.04079    0.1904         0
   218/299     17.6G   0.02293   0.01205         0   0.03498        28      1280    0.9734    0.9712    0.9807    0.5291   0.04076    0.1917         0
   219/299     17.6G    0.0236   0.01191         0   0.03551        27      1280    0.9708    0.9745    0.9812    0.5405   0.04023    0.1902         0
   220/299     17.6G   0.02229   0.01204         0   0.03433        56      1280    0.9713    0.9758    0.9818    0.5425   0.04013    0.1895         0
   221/299     17.6G   0.02272   0.01172         0   0.03444        28      1280    0.9765    0.9689    0.9813      0.54   0.04033    0.1918         0
   222/299     17.6G   0.02186   0.01109         0   0.03295        48      1280    0.9722    0.9726    0.9813    0.5377   0.04048    0.1913         0
   223/299     17.6G   0.02159   0.01164         0   0.03323        39      1280    0.9724     0.974    0.9803    0.5457   0.04012    0.1894         0
   224/299     17.6G   0.02153   0.01179         0   0.03332        28      1280    0.9753    0.9749    0.9828    0.5427   0.04024    0.1906         0
   225/299     17.6G   0.02303   0.01232         0   0.03534        46      1280    0.9737    0.9786    0.9835     0.541   0.04013    0.1899         0
   226/299     17.6G   0.02294   0.01116         0    0.0341        31      1280    0.9701    0.9796    0.9826    0.5422   0.04027    0.1916         0
   227/299     17.6G   0.02187   0.01151         0   0.03339        34      1280    0.9737    0.9698    0.9811    0.5442    0.0401    0.1875         0
   228/299     17.6G   0.02139   0.01134         0   0.03272        47      1280    0.9759    0.9758    0.9833    0.5462   0.04019    0.1901         0
   229/299     17.6G   0.02345   0.01172         0   0.03517        37      1280      0.97    0.9796    0.9846    0.5462   0.04035    0.1888         0
   230/299     17.6G   0.02166    0.0115         0   0.03316        26      1280    0.9803     0.974    0.9849     0.552   0.04008    0.1898         0
   231/299     17.6G   0.02143   0.01185         0   0.03329        28      1280     0.975    0.9782    0.9844    0.5497   0.04021    0.1894         0
   232/299     17.6G   0.02369   0.01202         0   0.03571        15      1280    0.9776    0.9721    0.9825     0.549   0.04026    0.1922         0
   233/299     17.6G   0.02154   0.01165         0   0.03319        56      1280    0.9799     0.974    0.9849     0.556   0.04008     0.192         0
   234/299     17.6G   0.02145   0.01173         0   0.03318        23      1280    0.9781    0.9782    0.9857    0.5654   0.03975    0.1899         0
   235/299     17.6G   0.02218   0.01145         0   0.03363        21      1280    0.9771    0.9721    0.9839    0.5658   0.03973    0.1901         0
   236/299     17.6G   0.02067   0.01191         0   0.03259        28      1280    0.9759    0.9763    0.9844    0.5643   0.03981    0.1903         0
   237/299     17.6G   0.02103   0.01071         0   0.03174        33      1280    0.9746    0.9786    0.9851    0.5608   0.03991     0.191         0
   238/299     17.6G   0.02175   0.01093         0   0.03268        22      1280    0.9744    0.9763    0.9842    0.5638   0.03987    0.1897         0
   239/299     17.6G   0.02152   0.01095         0   0.03247         9      1280      0.98    0.9777    0.9859    0.5677   0.03964    0.1901         0
   240/299     17.6G   0.02167   0.01172         0   0.03339        33      1280    0.9781    0.9782    0.9855    0.5635   0.03968    0.1905         0
   241/299     17.6G   0.02185   0.01138         0   0.03323        23      1280    0.9727    0.9777    0.9833    0.5587   0.03986    0.1913         0
   242/299     17.6G   0.02091   0.01134         0   0.03225        19      1280    0.9742    0.9805    0.9854    0.5613   0.03972    0.1916         0
   243/299     17.6G   0.02087   0.01124         0   0.03211        53      1280    0.9742    0.9809    0.9847    0.5661   0.03967    0.1909         0
   244/299     17.6G   0.02076   0.01177         0   0.03253        16      1280     0.971    0.9809    0.9845    0.5668   0.03942    0.1907         0
   245/299     17.6G   0.02155   0.01084         0   0.03239        22      1280    0.9747    0.9818    0.9862     0.565    0.0395    0.1904         0
   246/299     17.6G   0.02047   0.01108         0   0.03155        14      1280    0.9746    0.9809    0.9859    0.5631   0.03947    0.1919         0
   247/299     17.6G   0.02051   0.01137         0   0.03188        34      1280    0.9724    0.9824    0.9852    0.5698   0.03932     0.192         0
   248/299     17.6G   0.02073   0.01134         0   0.03206        47      1280    0.9746    0.9814    0.9857    0.5716   0.03938    0.1923         0
   249/299     17.6G    0.0216   0.01114         0   0.03274        29      1280    0.9723    0.9786     0.983    0.5672   0.03958    0.1921         0
   250/299     17.6G   0.02168   0.01087         0   0.03256        38      1280    0.9733    0.9804    0.9838    0.5664   0.03948    0.1919         0
   251/299     17.6G   0.02108   0.01119         0   0.03227        23      1280    0.9719    0.9809    0.9837    0.5644   0.03955    0.1944         0
   252/299     17.6G   0.02128   0.01161         0   0.03289        39      1280    0.9728     0.981     0.985    0.5712   0.03917    0.1914         0
   253/299     17.6G    0.0205   0.01102         0   0.03152        43      1280     0.976    0.9828    0.9868     0.571   0.03927    0.1907         0
   254/299     17.6G    0.0204   0.01172         0   0.03212        31      1280     0.971    0.9805     0.985    0.5738    0.0392    0.1893         0
   255/299     17.6G   0.02065   0.01149         0   0.03213        26      1280    0.9777    0.9768    0.9858    0.5679   0.03933    0.1899         0
   256/299     17.6G   0.02169   0.01174         0   0.03343        23      1280    0.9733    0.9838    0.9864    0.5758   0.03927    0.1901         0
   257/299     17.6G   0.02086   0.01109         0   0.03195        39      1280    0.9765    0.9837    0.9872    0.5817   0.03919    0.1914         0
   258/299     17.6G   0.02047   0.01157         0   0.03204        23      1280    0.9755    0.9814    0.9862    0.5764   0.03919    0.1913         0
   259/299     17.6G   0.02034   0.01116         0    0.0315        35      1280    0.9769    0.9837    0.9869    0.5812   0.03906    0.1911         0
   260/299     17.6G   0.02193    0.0112         0   0.03313        45      1280      0.98     0.981    0.9875    0.5855   0.03894    0.1915         0
   261/299     17.6G    0.0211   0.01186         0   0.03296        63      1280    0.9774    0.9833    0.9863    0.5815   0.03908    0.1919         0
   262/299     17.6G   0.02019   0.01075         0   0.03094        30      1280    0.9781    0.9842    0.9873    0.5747   0.03925    0.1922         0
   263/299     17.6G    0.0207   0.01149         0   0.03219        21      1280    0.9769    0.9828     0.987    0.5782   0.03922    0.1918         0
   264/299     17.6G   0.02087   0.01127         0   0.03214        31      1280    0.9747    0.9819    0.9864    0.5844   0.03898    0.1899         0
   265/299     17.6G   0.02075   0.01122         0   0.03196        16      1280    0.9777      0.98    0.9859    0.5873   0.03881    0.1902         0
   266/299     17.6G   0.02154   0.01168         0   0.03322        31      1280    0.9782     0.981    0.9862    0.5814   0.03902    0.1904         0
   267/299     17.6G   0.01953   0.01162         0   0.03115        45      1280    0.9805    0.9824    0.9871    0.5812   0.03887    0.1905         0
   268/299     17.6G   0.02041    0.0108         0   0.03121        28      1280    0.9747    0.9828     0.985    0.5827   0.03906    0.1917         0
   269/299     17.6G   0.01995   0.01123         0   0.03118        46      1280    0.9777    0.9785    0.9851    0.5915   0.03882    0.1907         0
   270/299     17.6G   0.02094   0.01112         0   0.03207        31      1280    0.9813    0.9767    0.9848    0.5873   0.03878      0.19         0
   271/299     17.6G   0.02021   0.01056         0   0.03077        26      1280    0.9814    0.9796     0.985    0.5841   0.03886    0.1911         0
   272/299     17.6G   0.01938    0.0118         0   0.03119        17      1280    0.9763    0.9824    0.9851    0.5886   0.03876    0.1915         0
   273/299     17.6G   0.01983   0.01164         0   0.03148        48      1280    0.9782    0.9809    0.9855    0.5946   0.03867    0.1911         0
   274/299     17.6G   0.02005   0.01133         0   0.03138        25      1280    0.9761    0.9846    0.9877    0.5937   0.03858    0.1906         0
   275/299     17.6G   0.01982   0.01097         0   0.03079        18      1280    0.9811    0.9819    0.9865     0.593   0.03858    0.1904         0
   276/299     17.6G   0.02085   0.01131         0   0.03216        23      1280    0.9778    0.9837    0.9863    0.5833   0.03875    0.1909         0
   277/299     17.6G   0.01965   0.01068         0   0.03033        24      1280    0.9801    0.9833    0.9874    0.5976   0.03847    0.1897         0
   278/299     17.6G   0.02026    0.0112         0   0.03146        57      1280    0.9792    0.9851    0.9876    0.5959   0.03847    0.1899         0
   279/299     17.6G   0.01991    0.0112         0   0.03111        29      1280    0.9801    0.9842    0.9884    0.5966   0.03848    0.1898         0
   280/299     17.6G   0.02025   0.01091         0   0.03116        33      1280    0.9792    0.9846    0.9892    0.5998   0.03823      0.19         0
   281/299     17.6G   0.01981   0.01096         0   0.03077        51      1280    0.9769    0.9833    0.9874    0.5948    0.0383    0.1918         0
   282/299     17.6G    0.0207   0.01079         0   0.03149        14      1280    0.9823    0.9796    0.9883    0.6012   0.03813    0.1911         0
   283/299     17.6G   0.02098   0.01055         0   0.03154        53      1280    0.9788     0.985     0.988    0.5994   0.03825    0.1905         0
   284/299     17.6G   0.01919   0.01089         0   0.03008        31      1280    0.9779    0.9856    0.9867    0.5975   0.03828    0.1902         0
   285/299     17.6G   0.02027   0.01068         0   0.03095        27      1280    0.9801    0.9819    0.9865    0.6047   0.03794    0.1896         0
   286/299     17.6G   0.02034   0.01091         0   0.03125        38      1280    0.9783    0.9837    0.9873     0.605   0.03793    0.1899         0
   287/299     17.6G   0.01996   0.01076         0   0.03072        16      1280    0.9778    0.9833    0.9862    0.6029   0.03804    0.1906         0
   288/299     17.6G   0.01997   0.01118         0   0.03115        14      1280    0.9828    0.9808    0.9885    0.6007   0.03822    0.1905         0
   289/299     17.6G    0.0206   0.01071         0   0.03131        20      1280    0.9804    0.9814    0.9877    0.6024   0.03812    0.1904         0
   290/299     17.6G   0.01985   0.01121         0   0.03106        30      1280    0.9792    0.9842    0.9864    0.6028   0.03817    0.1913         0
   291/299     17.6G    0.0202   0.01186         0   0.03207        48      1280    0.9801     0.987    0.9888    0.6086   0.03795    0.1901         0
   292/299     17.6G   0.01984   0.01081         0   0.03065        28      1280    0.9797    0.9855    0.9877    0.6066   0.03791    0.1908         0
   293/299     17.6G   0.01969   0.01028         0   0.02997        16      1280    0.9818    0.9796    0.9861    0.6014     0.038    0.1908         0
   294/299     17.6G   0.02064   0.01106         0    0.0317        20      1280    0.9774    0.9841    0.9872    0.6026   0.03808    0.1901         0
   295/299     17.6G   0.01935   0.01071         0   0.03005        28      1280    0.9792    0.9833    0.9877    0.6035   0.03806    0.1904         0
   296/299     17.6G   0.02014   0.01115         0   0.03128        22      1280    0.9801    0.9842    0.9878    0.5987   0.03825    0.1911         0
   297/299     17.6G   0.02101   0.01126         0   0.03228        17      1280    0.9819    0.9837    0.9913    0.6021    0.0382    0.1917         0
   298/299     17.6G   0.02051     0.011         0   0.03151        34      1280    0.9806    0.9842    0.9878    0.6098   0.03796    0.1918         0
   299/299     17.6G   0.02018   0.01071         0   0.03089        37      1280    0.9792    0.9856    0.9873    0.6151   0.03777    0.1906         0
