     0/599     4.08G    0.0744     2.557         0     2.631        36      1280 0.0003108   0.01346 6.199e-06  1.09e-06    0.1138    0.3913         0
     1/599     18.6G   0.07462    0.1106         0    0.1852        35      1280 4.287e-05  0.001857 3.063e-07 8.271e-08    0.1138    0.2233         0
     2/599     18.6G   0.07449   0.04526         0    0.1197        15      1280 0.0007074   0.03064 2.584e-05 3.719e-06    0.1137     0.223         0
     3/599     18.6G   0.07349   0.03828         0    0.1118        54      1280  0.000761   0.03296 3.056e-05 4.389e-06    0.1137    0.2307         0
     4/599     18.6G   0.07419   0.03577         0      0.11        43      1280 0.0007931   0.03435 3.272e-05 4.915e-06    0.1138    0.2377         0
     5/599     18.6G   0.07305   0.03498         0     0.108        18      1280  0.001064  0.009285 0.0001119 1.327e-05    0.1134    0.2422         0
     6/599     18.6G   0.07284   0.03585         0    0.1087        47      1280         0         0         0         0    0.1138    0.2455         0
     7/599     18.6G   0.07268   0.03366         0    0.1063        39      1280   0.01138   0.06082  0.001581 0.0002392    0.1119    0.2493         0
     8/599     18.6G   0.07216   0.03363         0    0.1058        33      1280   0.01429   0.02878   0.00137 0.0002257    0.1119    0.2443         0
     9/599     18.6G   0.07125   0.03722         0    0.1085        37      1280   0.01973   0.04828  0.002918 0.0005151    0.1111    0.2475         0
    10/599     18.6G   0.07113   0.03416         0    0.1053        26      1280  0.004067   0.08171 0.0004976 8.281e-05     0.112    0.2405         0
    11/599     18.6G   0.07082   0.03466         0    0.1055        29      1280   0.01496   0.04178  0.004971  0.001142    0.1118    0.2386         0
    12/599     18.6G   0.07092   0.03656         0    0.1075        53      1280   0.01992   0.06175  0.003329 0.0005861    0.1111     0.251         0
    13/599     18.6G   0.07069   0.03388         0    0.1046        35      1280  0.007824    0.1773  0.001923 0.0003177    0.1104    0.2591         0
    14/599     18.6G   0.07008   0.03459         0    0.1047        27      1280   0.02216   0.03621  0.004368  0.000747    0.1142    0.2537         0
    15/599     18.6G    0.0684   0.03111         0    0.0995        40      1280   0.08688    0.1165   0.03008  0.005011    0.1133    0.2522         0
    16/599     18.6G   0.06743   0.03198         0   0.09941        40      1280    0.0447    0.1003   0.02306  0.005422    0.1092    0.2615         0
    17/599     18.6G   0.07072   0.03184         0    0.1026        35      1280    0.1279   0.09424   0.03746  0.006383    0.1095    0.2782         0
    18/599     18.6G   0.07163     0.026         0   0.09762        43      1280    0.1245    0.2419   0.07261   0.01507    0.1093    0.2735         0
    19/599     18.6G   0.07072   0.02241         0   0.09314        10      1280    0.2349    0.1597     0.097   0.01843    0.1073    0.2724         0
    20/599     18.6G    0.0698   0.02349         0   0.09329        33      1280    0.2343    0.2521    0.1469   0.02858    0.1057    0.2854         0
    21/599     18.6G   0.06669    0.0193         0   0.08599        36      1280    0.3542    0.3343    0.2564   0.05542    0.1036    0.2917         0
    22/599     18.6G   0.06729   0.01915         0   0.08644        39      1280    0.4053    0.3955    0.3308   0.07295    0.1018    0.2935         0
    23/599     18.6G   0.06411   0.02048         0   0.08459        37      1280    0.2312     0.291    0.1561   0.02891    0.1028    0.3108         0
    24/599     18.6G   0.06293    0.0206         0   0.08353        59      1280    0.4422    0.5279    0.4201   0.09685   0.09876    0.3109         0
    25/599     18.6G   0.05995   0.01941         0   0.07936        25      1280    0.5337    0.5172    0.4711    0.1152   0.09585    0.3136         0
    26/599     18.6G   0.05876   0.01879         0   0.07755        29      1280     0.521    0.5448    0.4447   0.09538   0.09279    0.3172         0
    27/599     18.6G   0.06001   0.01879         0   0.07879        31      1280    0.5394    0.5743    0.4555    0.1099   0.09204    0.3178         0
    28/599     18.6G   0.05759   0.01747         0   0.07505        23      1280    0.4539    0.5622    0.3762   0.07945   0.09239    0.3219         0
    29/599     18.6G   0.05862   0.01779         0   0.07641        44      1280    0.6043    0.5381     0.531    0.1291   0.09131    0.3214         0
    30/599     18.6G   0.05649   0.01721         0    0.0737        61      1280     0.593    0.6114    0.5713    0.1425   0.08915    0.3281         0
    31/599     18.6G   0.05546   0.01635         0   0.07181        39      1280    0.6106    0.6442    0.5671      0.14   0.08881    0.3276         0
    32/599     18.6G   0.05448    0.0175         0   0.07198        35      1280    0.7661    0.6713    0.6976       0.2   0.08681    0.3375         0
    33/599     18.6G   0.05386   0.01709         0   0.07095        17      1280    0.7292    0.6838    0.6667     0.196   0.08462    0.3292         0
    34/599     18.6G    0.0532   0.01732         0   0.07052        32      1280     0.776    0.7043    0.7157    0.2053   0.08407    0.3392         0
    35/599     18.6G   0.05472   0.01566         0   0.07038        26      1280    0.7938    0.7029    0.7225    0.2119   0.08484    0.3297         0
    36/599     18.6G   0.05072   0.01596         0   0.06668        33      1280    0.8021    0.7168    0.7439    0.2153   0.08302    0.3298         0
    37/599     18.6G   0.05136   0.01662         0   0.06798        13      1280     0.843    0.7452    0.7813    0.2359   0.08136    0.3283         0
